Wednesday, November 23, 2022 12:12 PM
Tracking system
20221123 1212
-2147483648
-2113404856
1312242
2164195
2884331
3671545
12583735
4391742
5243674
5965172
1879246896
1879442381
-2147483647
-2113470447
525704
8979133
1245992
2426209
3998853
4785588
5505678
1879050065
1879311065
-2147483646
-2113535966
1181068
1835988
2622576
3998708
5047720
5833555
1879115843
1879377033
-2147483645
-2113535932
852945
2098688
2818802
3933321
5243985
6030385
1879181387
1879442432
-2147483644
-2113667007
3278224
12452199
5243697
5965070
1879050062
1879442196
-2147483643
-2113863640
1246511
1879246896
1879377124
-2147483642
-2113535983
2426134
3540316
12583798
4326269
4915833
5637534
1879050065
1879311247
-2147483641
-2113601519
1049677
2360259
3736766
4457599
5571761
1879050062
1879311307
-2147483640
-2113535980
132474
852848
2754058
3474154
4850485
5637448
1879181397
1879311479
-2147483639
-2079784751
8979127
918461
1312016
2097788
3539894
4261220
5309802
5572034
6030396
1879050063
1879311211
1879442195
1879507958
20221123 1212
-2147418112
-2113535871
1246127
1705189
2425562
3343754
5374687
6096141
1879050059
1879508918
-2147418111
-2113470430
853363
918829
1836430
2622037
3278315
5047289
5768319
1879115840
1879377031
-2147418110
-2113929176
1879246897
1879377257
-2147418109
-2113601502
1180862
3737033
4522755
5047285
5833899
1879115843
1879377673
-2147418108
-2113798072
787525
2884645
1879246899
1879442669
-2147418107
-2113470334
1115504
2688050
3605939
12583702
4326173
5374702
6096297
1879115836
1879508298
-2147418106
-2113601516
1050102
3867625
4588574
4785376
5506273
1879181397
1879311473
-2147418105
-2113470399
1312209
1836216
2556842
3277755
3999206
5243695
5965020
1879049610
1879443708
-2147418104
-2113404792
525657
1246195
2163637
2884556
3211867
3999174
5309532
6030301
1879246900
1879508366
-2147418103
-2113535932
1181166
2819576
3737097
4522823
5244326
5964458
1879181388
1879442571
20221123 1212
-2147352576
-2113601470
1181171
1836546
2556480
3801767
4523416
1879115838
1879442341
-2147352575
-2113535868
263676
983493
1048632
2753846
3146414
5374874
1879181397
1879508332
-2147352574
-2113535932
394501
1114900
12583528
4391722
5178816
5899070
1879181387
1879442613
-2147352573
-2113404863
1180674
1705006
2491504
3605460
12584105
4326591
5113282
5898920
1879050070
1879442231
-2147352572
-2113339256
1508806
3080753
3212131
3278228
3998391
5309855
5375274
6029991
6096198
1879246895
1879508368
-2147352571
-2113470335
918688
1770490
2491306
3867195
4654596
5309920
6095770
1879050070
1879507968
-2147352570
-2113535928
197954
918249
3408658
4130264
5178449
5964777
1879246899
1879443040
-2147352569
-2113601464
983867
3015412
3473997
5309053
6030814
1879246898
1879442540
-2147352568
-2113404895
132433
918392
1705168
10814359
3540344
4260627
13370643
5702488
1879050069
1879376817
-2147352567
-2113404908
263674
1049101
1967133
2688402
3474676
4260792
4850607
5571952
1879181397
1879311398
20221123 1212
-2147287040
-2113470447
66999
787175
1704815
2491133
3277422
4785174
5506264
1879050066
1879311259
-2147287039
-2113535928
2949992
3474115
4261344
5243882
5964520
6029901
1879246898
1879442610
-2147287038
-2113601464
1377161
2229753
3343028
13632549
5964921
1879246895
1879441616
-2147287037
-2113535983
2491784
3539744
12584420
4326886
4850632
5571790
1879050059
1879311214
-2147287036
-2113535983
1377801
1705481
3736362
4523467
4785113
5506386
1879050058
1879311283
-2147287035
-2113404856
132279
852833
2164209
2884368
3670828
4457906
5178666
5899192
1879246899
1879442930
-2147287034
-2113404799
3539952
3802515
12583789
4326370
4523094
5375342
6096275
6161564
1879050054
1879508077
-2147287033
-2113601400
1181177
2163968
3736722
4523120
5374874
1879246096
1879509228
-2147287032
-2113339375
2426335
3605723
12583418
4326217
4391539
4851059
4916575
5571319
5636817
1879050054
1879311343
-2147287031
-2113535935
2557164
3604493
3670578
4392131
5244308
6029773
1879050055
1879442263
20221123 1212
-2147221504
-2113535932
984396
3605855
12583561
4326143
5178387
5964922
1879181389
1879442527
-2147221503
-2113732536
3474255
5178695
5964437
1879246898
1879442554
-2147221502
-2113535983
525430
1246137
2425651
3801752
4851143
5637040
1879050058
1879311249
-2147221501
-2113535964
328875
2753488
3605547
4392076
4916015
5703045
1879181399
1879377034
-2147221500
-2113273720
1508046
2884656
3146945
3670867
12321467
4457599
4916229
5375469
5637417
6095832
1879246901
1879508332
-2147221499
-2113470447
1180839
1705264
2491205
3802129
4523059
4850603
5571878
1879050055
1879311346
-2147221498
-2113535980
918959
2819339
3408494
12518765
4916161
5637507
1879181391
1879311207
-2147221497
-2113535928
1180400
2950263
3408958
4129891
5244285
5964547
1879246895
1879442743
-2147221496
-2113601519
984443
2491449
3343559
4916079
5637482
1879050057
1879311334
-2147221495
-2113470328
1245901
2294736
3015730
3867473
4588739
5374731
6161877
1879246899
1879508392
20221123 1212
-2147155968
-2113470446
1246226
1836548
2621972
3670892
4457835
4784982
5571948
1879115840
1879311644
-2147155967
-2113535976
918577
2885078
3801781
4523385
4785378
5571220
1879246903
1879311491
-2147155966
-2113732590
1442907
1508794
2818823
1879115838
1879311499
-2147155965
-2113667032
1245927
3540401
4981803
5768123
1879246900
1879377092
-2147155964
-2113470398
1246675
1901239
2622982
3540105
4260858
5178330
5899219
1879115831
1879442327
-2147155963
-2113535864
984252
2950615
3671525
4457208
5440964
6161146
1879246900
1879508459
-2147155962
-2113470398
918332
1966652
11077078
3474376
4261012
5178844
5898827
1879115834
1879442434
-2147155961
-2113601512
1115425
2098358
3932930
4850473
5637394
1879246901
1879311597
-2147155960
-2113601496
853092
3212017
3999225
4981821
5768214
1879246897
1879377119
-2147155959
-2113601400
1180899
3016165
3343621
5309767
6095460
1879246899
1879508552
20221123 1212
-2147090432
-2113535960
1377276
2229768
3015261
3342916
5112775
5834100
1879245713
1879378050
-2147090431
-2113667036
394259
1114916
1181177
2622883
1879181403
1879377180
-2147090430
-2113601407
1049997
1705345
3474778
5309857
6095822
1879050054
1879507946
-2147090429
-2113404792
1443304
2164059
2949814
3146344
3212392
3933607
5374723
6161864
1879246702
1879509224
-2147090428
-2113470446
852936
1836481
2556740
2622805
3802519
4588125
4916618
1879115833
1879311897
-2147090427
-2113535868
1180692
2754008
3474581
4260809
5309850
6030115
1879181400
1879508344
-2147090426
-2113535976
1049799
2950425
3211835
3998740
4916371
5637255
1879246897
1879311670
-2147090425
-2113535871
983810
1705481
2491225
3278226
5309814
6030185
1879050056
1879507906
-2147090424
-2113535960
1115428
2885106
3736296
4457938
5047764
5767780
1879246897
1879377275
-2147090423
-2113535864
1180890
2950466
3736297
4457949
5440986
6161131
1879246900
1879508465
20221123 1212
-2147024896
-2113601406
197743
2622845
3408691
5243781
6030739
1879115831
1879508119
-2147024895
-2113142654
1443228
1573538
1639040
1704610
1770047
1967626
2294411
2753273
3868057
4588388
5374827
6096137
1879115830
1879507558
-2147024894
-2113732472
3015881
3409281
6161889
1879246896
1879508238
-2147024893
-2113601496
2884483
3671492
4391654
5113312
5833548
1879246898
1879377197
-2147024892
-2113535960
1049679
11273732
12059701
4457517
4981398
5768692
1879246895
1879377207
-2147024891
-2113601470
984289
2556867
3277390
5178720
5899040
1879115831
1879442406
-2147024890
-2113601512
198107
984518
2164136
2884442
2950527
1879246901
1879311530
-2147024889
-2113535868
1115578
3540344
12583723
4326218
5309946
6095630
1879181394
1879508266
-2147024888
-2113601496
1312045
2950660
3671352
4457191
5768332
1879246898
1879377071
-2147024887
-2113535983
1114729
1705456
3278196
3998618
4785286
5506115
1879050063
1879311282
20221123 1212
-2146959360
-2113863647
5768308
1879050066
1879376173
-2146959359
-2113470440
329220
1049324
2950112
3343714
4129585
4851152
5571551
1879246901
1879311626
-2146959358
-2113535960
2229727
2950586
3539521
4261160
4981662
5703123
1879246897
1879377081
-2146959357
-2095972302
787535
852708
2098531
3147202
3278226
3343304
3540484
3867497
3998505
4129951
4588789
4654376
4851209
4916098
4982057
5571341
5702862
5768038
1879115847
1879311496
1879376877
-2146959356
-2113535960
2163556
2950213
3343092
4130140
5047285
5833815
1879246899
1879377118
-2146959355
-2113601407
3802427
4522686
4719101
5375467
6095520
1879050057
1879507738
-2146959354
-2113601400
1246714
3801976
4523233
5309886
6030002
1879246899
1879508690
-2146959353
-2113470424
1180866
2950213
3539810
12584102
4326714
5047461
5768265
1879246896
1879377288
-2146959352
-2113339358
525807
1311267
1902077
3540488
12583375
4260663
4326049
4915916
5703037
1879115847
1879376973
-2146959351
-2113404910
1246093
1836434
2556751
3474650
4260733
4916236
5571052
5637641
1879115844
1879311111
20221123 1212
-2146893824
-2113077208
328995
393887
984300
1049397
9504072
2098120
2163568
2885041
2949939
3474836
4260451
5047691
5768711
1879246899
1879377011
-2146893823
-2113535966
328981
2688102
3474283
4261292
4981727
5702917
1879115842
1879376346
-2146893822
-2113404894
656522
1377125
1836520
2556642
3802238
4523028
5047134
5768305
1879115847
1879376986
-2146893821
-2113404888
591357
1311236
2098646
2884201
3212727
3933089
4981493
5768389
1879246904
1879377184
-2146893820
-2113470332
853369
2819260
3540343
12583740
4326211
5309663
6030236
1879181399
1879508847
-2146893819
-2113732479
918889
2556289
2622044
1879050067
1879508058
-2146893818
-2113470431
198050
1639539
2360150
3539667
12584355
4326820
5768657
1879050068
1879376939
-2146893817
-2113863660
722350
1879181395
1879311599
-2146893816
-2113470447
9503480
2491269
3671436
12583546
4391691
4850561
5637299
1879050066
1879311333
-2146893815
-2113601516
524824
1246717
2819474
4785651
5505917
1879181211
1879312460
-16777116
