11.773
9.963
11.814
10.889
12.168
12.012
13.218
11.326
12.345
12.470
13.229
12.241
13.863
13.000
13.114
13.052
12.043
10.774
12.272
12.158
12.470
12.324
13.198
12.095
12.719
12.189
13.322
12.376
13.468
13.135
13.322
13.083
10.650
9.006
11.274
9.786
11.024
11.263
12.324
10.681
11.336
11.450
11.981
11.679
12.875
12.095
12.126
11.773
9.828
7.436
9.807
8.559
9.849
9.776
10.878
9.225
9.974
10.005
10.941
10.098
11.575
10.889
10.795
10.504
12.657
11.534
12.792
12.147
13.208
13.749
14.321
12.698
13.198
13.946
13.822
13.572
14.290
14.071
13.530
13.957
11.846
10.254
11.908
11.045
12.126
12.158
13.073
0.811
0.000
12.927
12.802
12.522
13.395
12.834
12.490
12.605
